-10122.22418867 -186749.81607474 2
65062.32237961 -275799.20938082 5
-154658.42047248 59179.42322887 6
-52618.08433927 -129355.34570978 7
-156548.54342314 178484.15891441 12
-63686.81459943 82147.02971611 13
13350.1306991 -206552.95007946 15
-158097.10939723 -137271.84595638 19
9479.77307829 -238804.37104939 21
-174645.16406604 136417.77015223 32
141024.47292778 -71944.63811604 35
44310.06779974 -157609.44634888 39
428468.52744293 -541900.08440051 41
-122457.569879 339518.86643983 43
246099.39547206 -446599.11889288 44
-145702.09100573 -8519.1188548 47
-60126.51264203 -301060.61039 52
3681.43622121 -263014.60090885 54
-66913.2961107 -101968.3150287 56
-36972.37286725 252749.97784584 57
257693.17987588 -499325.0161167 62
-7266.49094758 -381460.27814066 64
400345.7137322 -574641.47493239 68
-107505.2340916 -19488.10463886 70
-104655.53155009 -40603.22428452 71
211338.43420471 -478178.73751456 75
-210137.07447524 48483.17799872 77
201876.36228912 -437561.36653096 78
22955.13815465 -132865.82478916 80
-244187.90708672 46647.28373972 83
-113445.8934088 138196.09237611 84
-266437.81277033 114417.68314176 85
84299.83080735 -183639.68712608 86
426887.8139528 -568238.26651756 87
29775.97796382 -341518.13390799 88
-40187.06860423 380229.53763673 90
-122290.65032684 438818.79118972 91
-78038.34437411 -86846.91158089 92
12003.51451402 -393864.17241627 94
140627.17906179 -440122.15178977 99
-246341.31487811 60366.25047263 103
-177445.91874757 -111397.8573939 104
-34095.36546036 -153590.73768518 105
-267317.39888265 111758.95674723 106
24123.97623264 -397609.97801112 107
-205897.99296982 25139.25197043 109
-156869.05862356 -117751.64456734 111
-97501.56665452 -210104.68979771 113
-115747.3996934 -184735.82001291 114
-150912.80970958 -143112.64787084 116
251251.08604589 -389737.83632781 117
-155828.51607294 45845.32355737 121
-65094.40110656 -124951.84172753 124
111129.17991872 -311644.17773764 125
-121336.01958841 -128245.92540683 126
-154996.01302357 -122364.95095855 129
-105960.65900812 71113.67350679 131
504616.68629714 -469069.01529747 135
357193.9777155 -491742.83988341 136
71265.89285487 -267912.56776822 138
-172337.76292366 55700.91757899 139
-145276.056822 12361.14168719 140
54496.61163249 -143808.26857342 142
-130749.95038278 -131659.42626706 143
-228611.90964165 30953.09397386 144
27989.37696825 -278968.30413583 146
287622.14475672 -593558.1640289 147
-34223.70031169 -77993.54376372 148
267611.36076104 -565636.19778974 150
498416.7008449 -483931.25184783 151
92822.82317539 -421336.01447172 152
282601.13565665 -543535.6792376 153
-134002.81336386 65873.72509873 155
73971.94059772 -419934.59146454 156
-216397.13516098 494.33848124 157
-231826.46940328 48058.3114354 158
185722.50576863 -427956.8361575 159
-66833.09067851 -297699.42508098 160
-100591.60369105 -63585.69699425 161
-58760.37621785 -282509.1971258 163
-19444.29035529 -352721.40110678 165
-129869.15931408 -31281.62410431 167
81542.47619477 -214608.9730876 169
-177124.68784672 1776.81071088 170
-181015.99197616 -44463.83174998 171
257509.76572886 -564159.66880344 173
176449.20031668 -466720.48828937 174
491416.81973633 -500814.89836762 175
-188130.22677978 -17747.19151824 178
269629.9143091 -479371.15999514 179
405431.95297129 -539033.60106811 181
67140.28236974 -242406.84412522 182
186132.7699771 -167778.30594992 183
268489.35463979 -582925.18988809 184
486858.08292639 -599921.15217572 186
-221290.92645311 11238.34008101 187
-13327.05179313 -110748.78191347 188
184260.78906135 -182267.78921399 189
-20593.37613854 -181640.53832169 190
-166045.13273562 -37524.01358939 191
256131.66208549 -414015.36975556 192
-172771.94385699 -151985.93828726 193
-74889.88125782 -31810.21765054 194
-95573.05562388 97402.73498221 195
-174960.51324998 76939.52828517 196
180338.95448797 -376058.39670165 197
82354.20633458 -409762.15879309 198
288637.40084539 -415057.00259961 199
347186.66170986 -467188.66020228 200
465291.66951097 -580928.48186872 201
-51063.85848382 -331897.12673856 202
44779.63004433 -239266.44010795 203
136207.86560454 -397798.30676046 204
-32365.35982036 -204517.2378268 205
-66571.84216325 -52038.5218194 206
338840.83110793 -520781.41083241 207
345632.98555889 -475062.37072565 208
-162244.5081011 -121083.01910418 209
-168252.58957318 -162340.79113637 210
-136564.44917985 -110205.18809543 211
-152115.6559031 30487.777075 212
-202108.37711512 -6975.35353731 213
-137341.91805124 -153480.03836401 214
131614.08520545 -412854.18604513 215
148914.65054331 -416484.4748358 216
105940.58040909 -415678.15594842 217
356651.43946949 -483775.97249927 218
124858.71802569 -421512.55403436 219
171681.53149828 -378760.31277814 220
411903.51477889 -379426.26627126 221
-183912.2794559 225746.3093443 222
-195442.48935719 292807.75432143 224
-236965.32002558 399156.43555829 225
-157445.61156514 74466.61543412 226
-69656.36119116 54982.85915049 227
-68956.60323019 69181.09276384 228
-159658.03766528 -159258.8183866 229
26194.36690334 -401132.57763402 230
-46995.0582198 -371449.05594509 231
-42441.47456062 -344690.8995277 232
349138.68616252 -423868.70231029 233
291331.15954864 -343224.29931298 234
-139798.76441126 88069.20508696 235
-166154.47671083 422278.28803053 236
274972.27763713 -491776.37355892 237
261741.15282015 -453351.86396637 238
282446.00988191 -478811.02165428 239
259425.79288349 -468953.62107878 240
224499.87565087 -502911.12261324 241
