A -217116.742659 394801.0696840          1       
A -322588.947836 418678.1966190          2       
A -60609.4111090 397187.8471630          3       
A -329129.475509 309859.7847900          4       
A -259334.258121 304018.4745260          5       
A -45739.7779550 278737.0731000          6       
A -182802.180457 301982.7277220          7       
A -351631.713059 318209.6276410          8       
A -188998.728039 237861.1741630          9       
A -75313.8556100 224274.4989250         10       
A -135860.462854 188079.0630160         11       
A -289083.087488 159305.7415830         12       
A -203271.682353 177921.7819540         13       
A -46352.5535560 173745.5954660         14       
A -114280.262422 142743.2026680         15       
A -238082.072364 127034.0357040         16       
A -61314.6159920 143593.5068390         17       
A -194475.240595 132528.9577790         18       
A -66566.5199150 113422.0215150         19       
A -144762.290633 111465.7691250         20       
A -46512.6181120 86139.51913000         21       
A 16928.84232000 65040.74938800         22       
A -162758.845205 73877.94265500         23       
A -202513.694099 52008.56381100         24       
A -251635.793918 58553.70696100         25       
A -123913.209806 42476.33097000         26       
A 91486.12793200 -3755.19631300         27       
A -48877.8972890 50614.40395700         28       
A -171474.236630 28413.87624000         29       
A -45273.1881280 22345.27555500         30       
A 12830.85196900 -1819.36699000         31       
A -243081.781850 9491.395597000         32       
A -115472.638070 -8400.96465500         33       
A -202956.107731 14254.18272100         34       
A -150646.903743 9520.799634000         35       
A -169076.219804 -7346.75200100         36       
A -177058.032983 9239.586596000         37       
A -88345.6017840 -48509.7295130         38       
A -160077.239132 3922.968322000         39       
A -162832.946563 4292.928203000         40       
A -170791.213125 -36339.7903620         41       
A 9546.035487000 -45457.9799880         42       
A -213801.554595 -14715.1588680         43       
A -208373.087650 -19668.0078990         44       
A -214619.996777 -26740.3148980         45       
A -200802.979715 -24597.9435610         46       
A -279028.594072 -21397.5116110         47       
A 22561.37941500 -88322.7054670         48       
A -272985.191207 -22738.4098500         49       
A -272453.488149 -23947.9954970         50       
A -266638.207866 -27859.1387850         51       
A -204726.884265 -63202.2982900         52       
A -264507.216561 -31026.2558200         53       
A -263698.039948 -31061.6420730         54       
A -61988.0247480 -91800.5485050         55       
A 29068.19343600 -138109.718018         56       
A -147131.285825 -87541.4922250         57       
A 232110.9549940 -164566.554975         58       
A -174035.007946 -106353.106931         59       
A -97197.1000040 -157742.772657         60       
A -106421.416595 -195241.325128         61       
A 108140.8223140 -197891.443502         62       
A 16165.12040700 -214000.391498         63       
A 346958.0001780 -353329.941460         64       
A -34257.3329230 -296393.978234         65       
A 105912.8512020 -294546.323721         66       
A -5180.80813800 -364661.481286         67       
A 83173.59793700 -394593.030711         68       
A 158308.5328760 -414966.616836         69       
A 368330.1518280 -464826.747944         70       
A 24635.93886100 -443986.325109         71       
A -34548.9646210 -441619.637120         72       
A -30436.0363600 -439241.227326         73       
A -9697.97171000 -449357.518072         74       
A 58654.71766200 -444295.001044         75       
A 53249.62927700 -444667.973526         76       
A 56376.12417400 -445106.697884         77       
A 205655.8263940 -479128.265745         78       
A 161273.0300210 -472805.128256         79       
A 295306.9720320 -551512.429009         80       
A 89553.86257700 -503582.424905         81       
A 143967.9021840 -512217.812634         82       
A 439166.1012390 -540774.296104         83       
A 45906.69436700 -529448.793571         84       
A 130074.1587830 -551844.060498         85       
A 141383.2164520 -566179.735981         86       
A 260745.9287420 -578271.756069         87       
