A 269062.3636750 -595787.403039          1       
A 157792.2984910 -475202.373953          2       
A 171848.6731990 -467283.512988          3       
A -274320.512551 93795.96079100          4       
A -221026.408809 26002.29749700          5       
A 237995.6564140 -497835.865148          6       
A -74817.0089700 377031.1823890          7       
A -165712.045498 -58864.3534550          8       
A 288331.0883090 -470771.019309          9       
A -26773.5784320 -261593.745943         10       
A 14616.59350800 9362.530054000         11       
A -97065.4430780 -204051.137821         12       
A -66525.6210270 178497.6826160         13       
A 424680.1096180 -325950.021859         14       
A 71453.89793100 -289076.957140         15       
A 450341.3464690 -503779.955146         16       
A 387137.0184850 -460154.733758         17       
A 468376.4406090 -464681.472757         18       
A 250529.9126320 -540420.298076          1       
A 145358.0456820 -511183.765906          1       
A 47114.08014100 -529128.180504          1       
A 394887.1006730 -524702.838512         18       
A 327283.9945420 -521796.700791         16       
A 148142.1521850 -454583.111028          1       
A 55459.83120900 -443840.981027          1       
A 25462.22053200 -443103.242751          1       
A -8986.23565900 -448280.147912          1       
A -33582.0615860 -440917.821924          1       
A -54331.2092320 -353880.697700          1       
A -44770.3220040 -350280.230790          3       
A -72953.3669610 -310320.911669          1       
A 370380.8324390 -251133.676033         14       
A 211648.3982680 -320609.155755         17       
A -96579.4485040 -271955.783618          1       
A -65520.6583830 -251876.176963         16       
A -124055.307518 -239831.239744          1       
A 277784.4137430 -170317.652096         18       
A 11179.81727300 -207016.131752         16       
A -159395.254061 -194447.466422          1       
A -171915.098064 -158125.014873          1       
A -169196.851376 -152703.669247          2       
A -76669.7602990 -270550.755621          6       
A -155549.802874 -127802.125474          2       
A -51145.8079990 -117791.709431         15       
A -201461.829207 -92534.9821980          1       
A 251594.6932360 -286546.036844         14       
A -156819.451910 -111249.891511          3       
A -176130.307746 -49935.1840070          6       
A -218292.277127 -44697.9601570          1       
A -212085.646092 -33640.6340430          2       
A -212830.048621 -11663.4274990          2       
A -195803.518813 -19215.8178190          1       
A -126893.418129 -49148.3849650         14       
A 940.0140560000 -106770.129650         12       
A -201290.781656 -692.730573000          2       
A -199530.941620 15893.34772700          2       
A -177392.839566 147832.3181750         12       
A -224999.309444 87622.07528700          8       
A -164062.771189 139879.3391270         14       
A -169635.900923 354458.2448580         10       
A -257722.598285 291664.8662590         13       
A -321927.324636 320858.1965900          3       
A -323526.643914 198641.7580620          1       
